0 Untitled
0 Name: robo.ldr
0 Author: LDraw
0 Unofficial Model
0 ROTATION CENTER 0 0 0 1 "Custom" 
0 ROTATION CONFIG 0 0
1 0 -120 0 50 1 0 0 0 -1 0 0 0 -1 32271.dat
1 0 140 -52 258 0 1 0 0.707107 0 -0.707107 -0.707107 0 -0.707107 32271.dat
1 15 0 0 10 1 0 0 0 1 0 0 0 1 64178.dat
1 0 40 -10 -50 0 -1 0 -1 0 0 0 0 -1 4459.dat
1 0 -40 -10 -50 0 -1 0 -1 0 0 0 0 -1 4459.dat
1 0 -120 -10 -50 0 -1 0 -1 0 0 0 0 -1 4459.dat
1 0 120 -10 -50 0 -1 0 -1 0 0 0 0 -1 4459.dat
1 0 40 -10 30 0 -1 0 -1 0 0 0 0 -1 4459.dat
1 0 -16 -50 30 0 -1 0 -1 0 0 0 0 -1 4459.dat
1 0 120 -10 30 0 -1 0 -1 0 0 0 0 -1 4459.dat
1 0 -120 -10 30 0 -1 0 -1 0 0 0 0 -1 4459.dat
1 0 120 -10 -50 0 -1 0 -1 0 0 0 0 -1 4459.dat
1 0 -120 -10 -50 0 -1 0 -1 0 0 0 0 -1 4459.dat
1 0 0 -20 -50 0 0 1 0 1 0 -1 0 0 41239.dat
1 0 162 -20 10 -1 0 0 0 -1 0 0 0 1 32523.dat
1 0 2 -20 30 0 0 1 0 1 0 -1 0 0 41239.dat
1 0 100 -30 30 0 -1 0 -1 0 0 0 0 -1 4459.dat
1 0 -20 -30 -50 0 -1 0 -1 0 0 0 0 -1 4459.dat
1 0 20 -30 -50 0 -1 0 -1 0 0 0 0 -1 4459.dat
1 0 24 -50 30 0 -1 0 -1 0 0 0 0 -1 4459.dat
1 0 26 -50 270 0 -1 0 -1 0 0 0 0 -1 4459.dat
1 0 66 -60 270 0 -1 0 -1 0 0 0 0 -1 4459.dat
1 15 0 -140 150 1 0 0 0 1 0 0 0 1 95646.dat
1 0 150 -40 30 1 0 0 0 -1 0 0 0 -1 4459.dat
1 0 190 -120 -30 1 0 0 0 -1 0 0 0 -1 4459.dat
1 0 190 -120 10 1 0 0 0 -1 0 0 0 -1 4459.dat
1 0 -190 -120 10 1 0 0 0 -1 0 0 0 -1 4459.dat
1 0 -190 -120 50 1 0 0 0 -1 0 0 0 -1 4459.dat
1 0 190 -120 50 1 0 0 0 -1 0 0 0 -1 4459.dat
1 0 190 -120 70 1 0 0 0 -1 0 0 0 -1 4459.dat
1 0 -190 -120 70 1 0 0 0 -1 0 0 0 -1 4459.dat
1 0 -190 -120 -30 1 0 0 0 -1 0 0 0 -1 4459.dat
1 0 -150 -40 30 1 0 0 0 -1 0 0 0 -1 4459.dat
1 15 96 -20 230 0 0 -1 -1 0 0 0 1 0 99455.dat
1 0 -100 -30 30 0 -1 0 -1 0 0 0 0 -1 4459.dat
1 0 100 -30 -50 0 -1 0 -1 0 0 0 0 -1 4459.dat
1 0 -100 -30 -50 0 -1 0 -1 0 0 0 0 -1 4459.dat
1 1 -56 -40 30 0 -1 0 -1 0 0 0 0 -1 6558.dat
1 1 64 -40 30 0 -1 0 -1 0 0 0 0 -1 6558.dat
1 15 -80 -40 -10 0 0 1 0 -1 0 1 0 0 64179.dat
1 15 80 -40 -10 0 0 1 0 -1 0 1 0 0 64179.dat
1 0 98 -40 230 1 0 0 0 -1 0 0 0 -1 4459.dat
1 0 94 -100 230 1 0 0 0 -1 0 0 0 -1 4459.dat
1 0 94 -120 230 1 0 0 0 -1 0 0 0 -1 4459.dat
1 0 90 -140 230 1 0 0 0 -1 0 0 0 -1 4459.dat
1 0 90 -140 190 1 0 0 0 -1 0 0 0 -1 4459.dat
1 0 0 0 0 1 0 0 0 -1 0 0 0 -1 3705.dat
1 7 104 -20 230 1 0 0 0 -1 0 0 0 -1 4519.dat
1 0 102 -140 210 0 1 0 1 0 0 0 0 -1 32523.dat
1 1 112 -140 210 1 0 0 0 -1 0 0 0 -1 3749.dat
1 1 180 -90 -70 0 -1 0 -1 0 0 0 0 -1 3749.dat
1 1 -180 -90 -70 0 -1 0 -1 0 0 0 0 -1 3749.dat
1 4 122 -140 210 0 0 -1 0 -1 0 -1 0 0 584.dat
1 1 118 -80 230 1 0 0 0 -0.707107 0.707107 0 -0.707107 -0.707107 3749.dat
1 0 122 -80 230 0 0 1 0.707107 -0.707107 0 0.707107 0.707107 0 32498.dat
1 0 122 -20 230 0 0 1 0 -1 0 1 0 0 32270.dat
1 0 130 -65 244 1 0 0 0 1 0 0 0 1 4459.dat
1 0 130 -95 216 1 0 0 0 1 0 0 0 1 4459.dat
1 0 130 -122 188 1 0 0 0 1 0 0 0 1 6628.dat
1 15 160 -40 10 1 0 0 0 0 1 0 -1 0 48989.dat
1 15 -160 -40 10 1 0 0 0 0 1 0 -1 0 48989.dat
1 15 -160 -60 10 0 0 1 1 0 0 0 1 0 48989.dat
1 4 0 -62 -130 0 -1 0 1 0 0 0 0 1 32184.dat
1 0 -160 -18 10 -1 0 0 0 -1 0 0 0 1 32523.dat
1 15 160 -60 10 0 0 -1 1 0 0 0 -1 0 48989.dat
1 15 140 -120 -50 1 0 0 0 -1 0 0 0 -1 95658.dat
1 15 -140 -120 -50 1 0 0 0 -1 0 0 0 -1 95658.dat
1 4 180 -60 -10 0 0 -1 -1 0 0 0 1 0 42003.dat
1 7 180 -80 -30 0 1 0 1 0 0 0 0 -1 4519.dat
1 7 -180 -80 -30 0 1 0 1 0 0 0 0 -1 4519.dat
1 4 -180 -60 -10 0 0 -1 -1 0 0 0 1 0 42003.dat
1 0 -180 -80 -110 0 0 -1 0 1 0 1 0 0 32009.dat
1 0 180 -80 -110 0 0 1 0 -1 0 1 0 0 32009.dat
1 0 -120 -68 -110 0 -1 0 -1 0 0 0 0 -1 4459.dat
1 0 -80 -68 -110 0 -1 0 -1 0 0 0 0 -1 4459.dat
1 0 122 -68 -110 0 -1 0 -1 0 0 0 0 -1 4459.dat
1 0 82 -68 -110 0 -1 0 -1 0 0 0 0 -1 4459.dat
1 0 0 -60 -110 0 0 1 0 1 0 -1 0 0 41239.dat
1 0 -20 -50 -110 0 -1 0 -1 0 0 0 0 -1 4459.dat
1 0 20 -50 -110 0 -1 0 -1 0 0 0 0 -1 4459.dat
1 15 0 -120 -50 1 0 0 0 0 1 0 -1 0 64178.dat
1 0 -20 -40 -90 1 0 0 0 1 0 0 0 1 32316.dat
1 0 20 -40 -90 1 0 0 0 1 0 0 0 1 32316.dat
1 1 -20 -52 -130 0 -1 0 -1 0 0 0 0 -1 3749.dat
1 1 20 -52 -130 0 -1 0 -1 0 0 0 0 -1 3749.dat
1 0 20 -50 -90 0 -1 0 -1 0 0 0 0 -1 4459.dat
1 0 20 -50 -70 0 -1 0 -1 0 0 0 0 -1 4459.dat
1 0 20 -40 -50 0 -1 0 -1 0 0 0 0 -1 4459.dat
1 0 -20 -40 -50 0 -1 0 -1 0 0 0 0 -1 4459.dat
1 0 -20 -50 -70 0 -1 0 -1 0 0 0 0 -1 4459.dat
1 0 -20 -50 -90 0 -1 0 -1 0 0 0 0 -1 4459.dat
1 0 0 -50 -70 0 0 -1 0 1 0 1 0 0 32316.dat
1 0 0 -50 -90 0 0 -1 0 1 0 1 0 0 32316.dat
1 7 94 -120 -50 1 0 0 0 1 0 0 0 1 55013.dat
1 7 -94 -120 -50 -1 0 0 0 -1 0 0 0 1 55013.dat
1 7 -68 -120 -50 0 0 1 0 -1 0 1 0 0 4716.dat
1 7 68 -120 -50 0 0 -1 0 -1 0 -1 0 0 4716.dat
1 14 -104 -120 -50 0 0 -1 0 -1 0 -1 0 0 32123a.dat
1 14 104 -120 -50 0 0 -1 0 -1 0 -1 0 0 32123a.dat
1 14 124 -120 150 0 0 -1 0 -1 0 -1 0 0 32123a.dat
1 14 154 -120 150 0 0 -1 0 -1 0 -1 0 0 32123a.dat
1 14 94 -120 -50 0 0 -1 0 -1 0 -1 0 0 32123a.dat
1 14 -94 -120 -50 0 0 -1 0 -1 0 -1 0 0 32123a.dat
1 4 180 -120 -70 -1 0 0 0 0 -1 0 -1 0 32034.dat
1 4 180 -120 -30 1 0 0 0 0 1 0 -1 0 32034.dat
1 4 -180 -120 -30 1 0 0 0 0 -1 0 1 0 32034.dat
1 4 -180 -120 -70 1 0 0 0 0 -1 0 1 0 32034.dat
1 0 190 -120 -70 1 0 0 0 -1 0 0 0 -1 4459.dat
1 0 -190 -120 -70 1 0 0 0 -1 0 0 0 -1 4459.dat
1 0 180 -120 70 0 1 0 1 0 0 0 0 -1 40490.dat
1 0 -180 -120 70 0 1 0 1 0 0 0 0 -1 40490.dat
1 0 200 -120 10 0 1 0 1 0 0 0 0 -1 40490.dat
1 0 -200 -120 10 0 1 0 1 0 0 0 0 -1 40490.dat
1 7 152 -120 150 1 0 0 0 1 0 0 0 1 87083.dat
1 0 -110 -96 -110 0 0 -1 0 -1 0 -1 0 0 32524.dat
1 1 -50 -126 -110 0 0 -1 1 0 0 0 -1 0 3749.dat
1 1 -90 -126 -110 0 0 -1 1 0 0 0 -1 0 3749.dat
1 7 -70 -116 -110 0 1 0 0 0 1 1 0 0 3649.dat
1 1 -170 -116 -110 0 0 1 -1 0 0 0 -1 0 32556.dat
1 1 -150 -116 -110 0 0 1 -1 0 0 0 -1 0 32556.dat
1 0 -110 -136 -110 0 0 -1 0 -1 0 -1 0 0 32524.dat
1 0 -190 -116 -110 0 0 -1 0 -1 0 -1 0 0 32316.dat
1 1 -230 -116 -110 0 0 1 1 0 0 0 1 0 32556.dat
1 0 -190 -96 -110 0 0 -1 0 -1 0 -1 0 0 32348.dat
1 7 -190 -116 -108 0 0 -1 -1 0 0 0 1 0 4519.dat
1 0 -190 -136 -110 0 0 -1 0 -1 0 -1 0 0 32348.dat
1 0 -250 -86 -110 0 -1 0 -1 0 0 0 0 -1 4459.dat
1 0 -230 -76 -70 1 0 0 0 -1 0 0 0 -1 60484.dat
1 7 -285 -116 -160 0 -0.707107 0.707107 -1 0 0 0 -0.707107 -0.707107 3706.dat
1 1 -270 -116 -170 0 0 1 1 0 0 0 1 0 32556.dat
1 1 -235 -116 -190 0 0 1 1 0 0 0 1 0 32556.dat
1 1 -60 -116 -290 0 0 1 1 0 0 0 1 0 32556.dat
1 1 -113 -116 -260 0 0 1 1 0 0 0 1 0 32556.dat
1 1 -95 -116 -270 0 0 1 1 0 0 0 1 0 32556.dat
1 0 -253.66 -136 -180 -0.5 0 -0.866026 0 -1 0 -0.866026 0 0.5 32523.dat
1 0 -254 -96 -180 -0.5 0 -0.866026 0 -1 0 -0.866026 0 0.5 32523.dat
1 0 -253 -146 -180 0 -1 0 -1 0 0 0 0 -1 4459.dat
1 0 -253 -86 -180 0 -1 0 -1 0 0 0 0 -1 4459.dat
1 0 -270 -76 -170 -0.5 0 -0.866026 0 -1 0 -0.866026 0 0.5 32523.dat
1 0 -270 -156 -170 -0.5 0 -0.866026 0 -1 0 -0.866026 0 0.5 32523.dat
1 14 -285 -61 -160 0.707107 -0.707107 0 0 0 1 -0.707107 -0.707107 0 32123a.dat
1 14 -285 -171 -160 0.707107 -0.707107 0 0 0 1 -0.707107 -0.707107 0 32123a.dat
1 0 110 -136 -110 0 0 1 0 1 0 -1 0 0 32524.dat
1 1 50 -126 -110 0 0 1 1 0 0 0 1 0 3749.dat
1 7 70 -116 -110 0 -1 0 0 0 -1 1 0 0 3649.dat
1 1 90 -126 -110 0 0 -1 1 0 0 0 -1 0 3749.dat
1 1 170 -116 -110 0 0 -1 1 0 0 0 -1 0 32556.dat
1 1 150 -116 -110 0 0 -1 1 0 0 0 -1 0 32556.dat
1 0 110 -96 -110 0 0 1 0 1 0 -1 0 0 32524.dat
1 0 190 -116 -110 0 0 1 0 1 0 -1 0 0 32316.dat
1 1 230 -116 -110 0 0 -1 -1 0 0 0 1 0 32556.dat
1 0 190 -136 -110 0 0 1 0 1 0 -1 0 0 32348.dat
1 7 190 -116 -108 0 0 1 1 0 0 0 1 0 4519.dat
1 0 190 -96 -110 0 0 1 0 1 0 -1 0 0 32348.dat
1 0 250 -86 -110 0 1 0 1 0 0 0 0 -1 4459.dat
1 0 230 -76 -70 -1 0 0 0 1 0 0 0 -1 60484.dat
1 7 285 -116 -160 0 0.707107 -0.707107 1 0 0 0 -0.707107 -0.707107 3706.dat
1 1 270 -116 -170 0 0 -1 -1 0 0 0 1 0 32556.dat
1 1 235 -116 -190 0 0 -1 -1 0 0 0 1 0 32556.dat
1 0 253.66 -96 -180 0.5 0 0.866026 0 1 0 -0.866026 0 0.5 32523.dat
1 0 254 -136 -180 0.5 0 0.866026 0 1 0 -0.866026 0 0.5 32523.dat
1 0 253 -86 -180 0 1 0 1 0 0 0 0 -1 4459.dat
1 0 253 -146 -180 0 1 0 1 0 0 0 0 -1 4459.dat
1 0 270 -156 -170 0.5 0 0.866026 0 1 0 -0.866026 0 0.5 32523.dat
1 0 270 -76 -170 0.5 0 0.866026 0 1 0 -0.866026 0 0.5 32523.dat
1 14 285 -171 -160 -0.707107 0.707107 0 0 0 -1 -0.707107 -0.707107 0 32123a.dat
1 14 285 -61 -160 -0.707107 0.707107 0 0 0 -1 -0.707107 -0.707107 0 32123a.dat
1 0 210 -86 -110 0 -1 0 -1 0 0 0 0 -1 4459.dat
1 0 -218.66 -116 -200 -0.5 0 0.866025 0 1 0 -0.866025 0 -0.5 40490.dat
1 0 -130 -136 -250 -0.5 0 0.866025 0 1 0 -0.866025 0 -0.5 40490.dat
1 1 -200 -116 -210 0 0 1 1 0 0 0 1 0 32556.dat
1 1 -182 -116 -220 0 0 1 1 0 0 0 1 0 32556.dat
1 1 -147 -116 -240 0 0 1 1 0 0 0 1 0 32556.dat
1 0 -130 -96 -250 -0.5 0 0.866025 0 1 0 -0.866025 0 -0.5 40490.dat
1 0 -210 -126 -110 0 -1 0 -1 0 0 0 0 -1 4459.dat
1 0 -79.379 -116 -277.487 0.5 0 0.866025 0 -1 0 0.866025 0 -0.5 32524.dat
1 15 6 -96 -325 -0.5 0 -0.866025 0 -1 0 -0.866025 0 0.5 33299.dat
1 15 8 -115 -324 -0.5 0 0.866025 0 -1 0 0.866025 0 0.5 33299.dat
1 0 95.525 -136 -272.487 -0.5 0 0.866025 0 -1 0 0.866025 0 0.5 32524.dat
1 0 200.622 -116 -213.807 -0.5 0 0.866025 0 -1 0 0.866025 0 0.5 40490.dat
1 0 95.525 -96 -272.487 -0.5 0 0.866025 0 -1 0 0.866025 0 0.5 32524.dat
1 15 8 -76 -324 -0.5 0 0.866025 0 -1 0 0.866025 0 0.5 33299.dat
1 1 147 -116 -243 0 0 1 1 0 0 0 1 0 32556.dat
1 1 130 -116 -252 0 0 1 1 0 0 0 1 0 32556.dat
1 7 7.071 -96 -323 0 0.707107 0.707107 -1 0 0 0 -0.707107 0.707107 6587.dat
1 7 -70 -90 -110 0 0 -1 1 0 0 0 -1 0 32209.dat
1 7 70 -90 -110 0 0 -1 1 0 0 0 -1 0 32209.dat
1 14 107 -20 230 0 0 -1 0 -1 0 -1 0 0 32123a.dat
1 14 101 -20 230 0 0 -1 0 -1 0 -1 0 0 32123a.dat
0
